.................
test05.tsp      .
.................

Recorrido: < 1 3 5 4 2 1 >
Distancia Total: 72

real	0m0.004s
user	0m0.000s
sys	0m0.003s

.................
test07.tsp      .
.................

Recorrido: < 1 4 3 2 7 6 5 1 >
Distancia Total: 60

Recorrido: < 4 1 3 2 7 6 5 4 >
Distancia Total: 56

real	0m0.004s
user	0m0.004s
sys	0m0.000s

.................
test08.tsp      .
.................

Recorrido: < 1 4 5 8 6 7 2 3 1 >
Distancia Total: 68

real	0m0.004s
user	0m0.000s
sys	0m0.004s

.................
test09.tsp      .
.................

Recorrido: < 7 9 6 8 5 4 1 3 2 7 >
Distancia Total: 76

real	0m0.004s
user	0m0.000s
sys	0m0.004s

.................
test10.tsp      .
.................

Recorrido: < 2 3 1 4 6 5 8 10 9 7 2 >
Distancia Total: 74

Recorrido: < 2 3 6 4 1 5 8 10 9 7 2 >
Distancia Total: 72

real	0m0.005s
user	0m0.000s
sys	0m0.004s

.................
test14.tsp      .
.................

Recorrido: < 11 14 9 10 12 13 8 5 6 4 1 3 2 7 11 >
Distancia Total: 116

Recorrido: < 14 11 7 2 3 6 4 1 5 8 13 12 10 9 14 >
Distancia Total: 114

real	0m0.009s
user	0m0.005s
sys	0m0.004s

.................
test15.tsp      .
.................

Recorrido: < 11 14 15 10 6 7 2 3 1 4 5 8 13 12 9 11 >
Distancia Total: 144

Recorrido: < 14 11 9 7 2 3 1 4 5 6 10 8 13 12 15 14 >
Distancia Total: 120

real	0m0.016s
user	0m0.016s
sys	0m0.000s

.................
test21.tsp      .
.................

Recorrido: < 11 14 9 17 10 15 12 16 13 21 8 18 5 19 20 1 4 6 3 2 7 11 >
Distancia Total: 142

real	0m0.016s
user	0m0.012s
sys	0m0.004s

.................
test28.tsp      .
.................

Recorrido: < 11 14 22 9 17 10 15 12 16 27 13 21 8 18 4 1 28 20 19 25 5 6 3 26 2 24 7 23 11 >
Distancia Total: 144

Recorrido: < 14 11 23 7 24 2 3 26 4 1 28 20 19 25 5 18 6 8 21 27 13 16 12 15 10 17 9 22 14 >
Distancia Total: 138

Recorrido: < 11 14 22 9 17 10 15 12 16 27 13 21 8 18 6 4 5 25 19 20 28 1 26 3 2 24 7 23 11 >
Distancia Total: 126

real	0m0.057s
user	0m0.052s
sys	0m0.004s

.................
test29.tsp      .
.................

Recorrido: < 11 14 22 9 6 4 1 28 20 19 25 5 18 8 21 13 27 16 12 15 10 17 3 26 29 2 24 7 23 11 >
Distancia Total: 154

Recorrido: < 14 11 23 7 9 17 24 2 29 26 3 6 4 1 28 20 19 25 5 18 10 8 21 27 13 16 12 15 22 14 >
Distancia Total: 144

Recorrido: < 14 11 23 7 9 17 24 2 29 26 3 6 4 1 28 20 19 25 5 18 10 8 21 13 27 16 12 15 22 14 >
Distancia Total: 142

Recorrido: < 14 11 23 7 24 2 29 3 26 1 28 20 19 25 5 4 6 18 8 21 27 13 16 12 15 10 17 9 22 14 >
Distancia Total: 134

Recorrido: < 14 11 23 7 24 2 29 3 26 1 28 20 19 25 5 4 6 17 9 10 18 8 21 13 27 16 12 15 22 14 >
Distancia Total: 132

real	0m0.147s
user	0m0.138s
sys	0m0.008s

.................
test30.tsp      .
.................

Recorrido: < 11 14 22 15 12 16 27 13 21 30 8 6 4 1 28 20 19 25 5 18 10 17 9 24 3 26 29 2 7 23 11 >
Distancia Total: 166

Recorrido: < 14 11 23 7 24 2 29 3 26 4 1 28 20 19 25 5 6 10 15 12 16 27 13 21 30 8 18 17 9 22 14 >
Distancia Total: 156

Recorrido: < 14 11 23 7 24 2 29 3 26 1 28 20 19 25 5 4 6 10 15 12 16 27 13 21 30 8 18 17 9 22 14 >
Distancia Total: 152

Recorrido: < 14 11 23 7 9 17 10 8 25 5 18 6 26 29 2 24 3 4 1 28 20 19 30 21 27 13 16 12 15 22 14 >
Distancia Total: 150

Recorrido: < 14 11 23 7 9 17 10 8 18 5 4 6 3 24 2 29 26 1 28 20 19 25 30 21 13 27 16 12 15 22 14 >
Distancia Total: 140

Recorrido: < 14 11 23 7 24 2 29 3 26 1 4 6 17 9 10 8 18 5 28 20 19 25 30 21 13 27 16 12 15 22 14 >
Distancia Total: 138

real	0m0.470s
user	0m0.428s
sys	0m0.040s

.................
test33.tsp      .
.................

Recorrido: < 11 14 22 15 12 10 18 4 3 24 2 29 26 1 33 5 28 20 32 19 25 30 21 31 27 16 13 8 6 17 9 7 23 11 >
Distancia Total: 182

Recorrido: < 14 11 23 7 9 17 10 8 18 6 3 29 2 24 26 1 4 33 5 28 20 32 19 25 30 21 31 27 13 16 12 15 22 14 >
Distancia Total: 152

Recorrido: < 14 11 23 7 24 2 29 3 26 1 28 4 33 5 25 19 20 32 30 21 31 27 13 16 12 15 10 8 18 6 17 9 22 14 >
Distancia Total: 142

real	0m0.208s
user	0m0.183s
sys	0m0.024s

.................
test35.tsp      .
.................

Recorrido: < 11 14 22 15 13 27 8 21 31 34 30 32 35 20 19 25 5 33 18 10 12 16 24 2 29 3 26 1 28 4 6 17 9 7 23 11 >
Distancia Total: 278

Recorrido: < 32 35 20 19 25 5 33 18 8 9 22 14 11 23 7 24 2 29 3 26 1 28 4 6 17 10 12 15 13 16 27 21 31 34 30 32 >
Distancia Total: 208

Recorrido: < 35 32 30 34 31 21 27 13 16 12 15 22 14 11 23 7 9 17 8 10 18 26 29 2 24 3 6 4 1 28 33 5 25 19 20 35 >
Distancia Total: 206

Recorrido: < 35 32 30 34 31 21 13 27 16 12 15 10 8 18 6 7 23 14 22 11 9 17 24 2 29 3 26 1 28 4 33 5 25 19 20 35 >
Distancia Total: 194

Recorrido: < 11 14 22 15 12 13 27 16 10 18 8 21 31 34 30 32 35 20 19 25 5 33 28 1 4 26 29 2 24 3 6 17 9 7 23 11 >
Distancia Total: 180

Recorrido: < 35 32 30 34 31 21 27 13 16 12 15 22 14 11 23 7 24 2 29 3 26 1 28 33 18 8 10 9 17 6 4 5 25 19 20 35 >
Distancia Total: 176

Recorrido: < 35 32 30 34 31 21 13 27 16 12 15 22 14 11 23 7 24 2 29 3 26 1 28 33 18 8 10 9 17 6 4 5 25 19 20 35 >
Distancia Total: 174

Recorrido: < 35 32 30 34 31 21 13 27 16 12 15 10 8 18 6 17 9 22 14 11 23 7 24 2 29 3 26 1 28 4 33 5 25 19 20 35 >
Distancia Total: 168

real	0m0.632s
user	0m0.591s
sys	0m0.040s

.................
test42.tsp      .
.................

Recorrido: < 32 35 34 41 31 21 30 19 25 5 33 8 18 6 42 26 29 2 36 23 11 14 37 22 15 12 39 13 27 16 10 38 17 9 7 24 3 4 1 28 40 20 32 >
Distancia Total: 192

Recorrido: < 32 35 34 41 31 21 30 19 25 5 33 4 6 42 3 24 7 9 17 38 10 18 8 39 27 13 16 12 15 22 37 14 11 23 36 2 29 26 1 28 40 20 32 >
Distancia Total: 174

Recorrido: < 35 32 19 25 5 33 4 6 42 3 24 7 9 17 38 10 18 8 39 21 30 41 34 31 27 13 16 12 15 22 37 14 11 23 36 2 29 26 1 28 40 20 35 >
Distancia Total: 168

Recorrido: < 32 35 20 40 28 1 4 33 5 18 8 10 38 9 17 6 42 3 26 29 2 24 7 36 23 11 14 37 22 15 12 16 27 13 39 21 31 34 41 30 25 19 32 >
Distancia Total: 166

Recorrido: < 32 35 20 40 28 5 33 4 1 26 29 2 24 3 42 6 18 8 10 38 17 9 7 36 23 11 14 37 22 15 12 16 27 13 39 21 31 34 41 30 25 19 32 >
Distancia Total: 164

real	0m8.415s
user	0m8.029s
sys	0m0.376s

